 29674  29732
  1187   1213
 38622  38696
 31911  31929
 82867  82870
 61429  61487
 71738  71781
 33339  33402
 85895  85932
 24264  24292
 76873  76895
 11517  11574
 36277  36347
 44384  44460
 85829  85829
 81563  81618
 47210  47285
 40065  40074
 86532  86629
   321    409
 22791  22795
  3911   3991
 86837  86908
 20896  20975
 42823  42847
 56011  56066
 54936  54999
 31832  31850
 10601  10604
 63775  63776
 11052  11095
 39081  39140
 19258  19355
 67339  67434
 85206  85303
  2985   3075
 70879  70970
 60883  60883
 73471  73551
 46361  46370
 11169  11241
 53692  53744
 52335  52370
 29283  29332
 65064  65069
 64053  64055
 30086  30134
  8977   8982
 59866  59946
 18513  18532
 11596  11608
  8609   8620
 53104  53194
 39937  39981
 28011  28084
 37491  37535
 44514  44591
 76934  76996
  6911   6928
 20461  20541
 41127  41168
 71851  71949
 12589  12669
 71840  71848
 67756  67810
 17840  17875
 57305  57395
 15408  15418
 62305  62390
 45186  45265
 17694  17770
 76053  76069
 31582  31640
 29002  29096
 23271  23276
 24181  24185
 39255  39257
 68231  68295
 20451  20540
 53034  53046
 53991  54021
 48492  48557
 34951  35004
 50607  50674
 22125  22185
 67925  67991
 65967  66057
 44760  44788
 80213  80250
 83657  83682
 38605  38634
 26603  26666
 81053  81059
 30653  30657
 16723  16752
 37441  37462
 23245  23269
 54097  54190
 62266  62308
 40549  40633
 35135  35226
 21569  21589
 66212  66216
 14543  14596
 84677  84752
 67981  68024
 72862  72901
 44250  44295
 17045  17069
 57517  57530
  5989   5989
 55828  55829
 81926  82003
 72547  72613
 18579  18671
 28787  28803
 10814  10889
 18864  18921
 21598  21696
 78536  78593
   906    912
 49039  49061
 29539  29628
 69688  69731
 24549  24611
 19571  19572
  2369   2430
 71138  71235
 74513  74529
 23204  23228
 29620  29661
 27231  27274
 29984  29993
 13521  13550
 77639  77737
 53127  53177
 69436  69490
 60184  60269
 16700  16760
 40519  40528
 58681  58684
 40608  40611
 50224  50236
  3366   3461
 40896  40910
 44484  44536
 77821  77834
 24079  24139
 81864  81880
 28194  28197
 72423  72517
 50711  50745
  6715   6718
 58252  58296
 32664  32710
   700    784
 40786  40791
 41507  41591
 43192  43230
 19111  19127
 76393  76468
 65678  65743
 31118  31183
 72509  72603
 72914  72933
 87252  87256
 69303  69330
 38206  38282
 33371  33434
 57624  57638
 66870  66942
 12793  12880
 18967  18982
 46708  46763
 17915  17990
 36489  36586
 33392  33401
  9762   9813
 19152  19166
 41251  41290
 67452  67538
 52844  52931
 61669  61672
 34559  34640
 75942  76019
 32147  32166
 57191  57220
 83858  83909
 59049  59108
 33135  33188
 48201  48252
 17385  17473
 82127  82142
 69205  69295
 41963  42039
 19355  19362
 75165  75228
 72878  72977
 26474  26565
  8590   8632
 87032  87101
 47243  47269
 83513  83599
  3727   3778
 29260  29316
 60212  60311
 75615  75683
